0 0.019989
1 0.039954
2 0.059889
3 0.079863
4 0.100000
5 0.120248
6 0.140115
7 0.160353
8 0.180243
9 0.199885
10 0.219683
11 0.240358
12 0.259455
13 0.280069
14 0.299614
15 0.320523
16 0.339821
17 0.360280
18 0.380258
19 0.399542
20 0.419804
21 0.439115
22 0.459314
23 0.480442
24 0.500286
25 0.520951
26 0.540035
27 0.559818
28 0.580326
29 0.598885
30 0.620824
31 0.640679
32 0.661169
33 0.679253
34 0.700976
35 0.720148
36 0.739845
37 0.760080
38 0.780869
39 0.798627
40 0.820470
41 0.839128
42 0.858210
43 0.881683
44 0.901733
45 0.918101
46 0.938980
47 0.960333
48 0.982172
49 1.000000
